time,x,y,z,phi,theta,psi,x_velocity,y_velocity,z_velocity,phi_velocity,theta_velocity,psi_velocity,rotor_speed1,rotor_speed2,rotor_speed3,rotor_speed4
0.06,-4.595047584941749e-06,8.350034591446259e-06,10.002870251160958,0.002452633174470087,0.0010122840164159541,0.0,-0.0002682344266737247,0.0005107381940426359,0.09567086752916054,0.0159975895511935,-0.01228661401816622,0.0,436.64115329955683,435.6151926555317,434.2493032859317,435.5888652869801
0.12000000000000001,-4.3102928292588565e-05,9.076226147404437e-05,10.009401405778526,0.0045276563694542915,0.0023398935712002356,0.0,-0.0011230168545985674,0.0024158768679683838,0.12203084381460547,0.026427666922294618,0.0023000027462433134,0.0,412.8142173956865,414.0991992697013,411.8626356593918,412.78391914002003
0.18,-0.00017380332949122038,0.00035816329575710885,10.023832461396772,0.0069145341163627805,0.0036842516071571296,0.0,-0.003384631570849526,0.006778560557160336,0.3589575041895182,0.03510612072722658,0.013191475730906647,0.0,477.7783817668309,478.60780951780225,478.3068030555878,478.9673586327145
0.23999999999999996,-0.0004760362908720315,0.0009230735193430548,10.047413559172663,0.013276978708162801,0.010515903951143102,0.0,-0.007381671962482777,0.012649769948313306,0.427045997549487,0.056537059964383726,-0.014957695175993744,0.0,428.0667874612969,425.6650272348478,425.850806709864,427.68084692969154
0.3,-0.0011198282415089053,0.001950931123929048,10.074663468973156,0.01678226856671028,0.010074223605822219,0.0,-0.014029788613823068,0.021950473113956457,0.48125814053491434,0.05146263122961058,-0.008665465465075085,0.0,422.51831652666726,423.0604645689695,422.1470331095473,421.7112016365379
0.36000000000000004,-0.002173925883019098,0.0036320426690433687,10.106671350005644,0.02055103235231126,0.010998930662100115,0.0,-0.02118891945427454,0.034483159910140906,0.5856147462063295,0.041143077367263345,0.0033556220577814454,0.0,437.83784379316404,438.836741064586,439.2657409947827,438.41072215640725
0.4200000000000001,-0.00368144895989613,0.0061564634013299945,10.14554484175882,0.024296898554515778,0.011193487452077377,0.0,-0.029082108209914817,0.05007272276043261,0.7100891696901505,0.027504472639395868,0.0029470096884736353,0.0,445.2911028140573,445.2576163821353,445.36394293943465,444.2478196270055
0.48000000000000015,-0.005662883069229338,0.00962604399744815,10.188578538380666,0.03240124604428107,0.020772919814500135,0.0,-0.03785251293806807,0.06627933726121492,0.7243259719010076,0.054159801465279975,-0.03186478949446569,0.0,411.0917153525171,407.9958261659198,408.091639667504,410.4644943984694
0.5400000000000001,-0.00842401258962226,0.014377705419050028,10.23783575263255,0.035720217093053286,0.021589714630369627,0.0,-0.05425745237406553,0.09249380315316016,0.9174300569725855,0.0498343340687711,-0.014929792585458426,0.0,465.5747131093384,466.8975232909843,466.4342399117448,466.09803620149313
0.6000000000000002,-0.012131241430883982,0.020689859905217146,10.29623959738826,0.03872592229919025,0.02107049418242024,0.0,-0.0692552364861975,0.11821863692789361,1.029258786701499,0.050455615957055194,-0.009301335100190506,0.0,441.2113936911025,441.67589542689285,441.9468762305779,441.99966642987073
0.6600000000000003,-0.016814896004094793,0.02870764919310629,10.36386153296645,0.04185884896800296,0.02793924219056798,0.0,-0.08769673304641247,0.14939282087529915,1.2245802615835761,0.05301184897109696,-0.04037880697003726,0.0,468.41602681757746,465.99326558289613,467.68171048568075,467.8822874606926
0.7200000000000003,-0.0226736987712759,0.0385663201218418,10.440755853723045,0.04506281168508508,0.029437180379888517,0.0,-0.10777339112426372,0.17955969298136587,1.3384145739517264,0.04975463114830251,-0.06330280945426843,0.0,443.4057327036468,441.5171925308346,443.8269021437835,443.5612646704978
0.7800000000000004,-0.02981448910274551,0.050418079558102104,10.52682798577629,0.04996975458429187,0.025639208219217835,0.0,-0.129809928226269,0.21607377557501445,1.530400026850467,0.033321520809991824,-0.06571334736418923,0.0,467.61711687448894,467.42653445931046,467.7053241604456,466.42485250567563
0.8400000000000004,-0.03814585145580402,0.06449492912786228,10.622436687227692,0.059728570354853794,0.023325456694718305,0.0,-0.14766935395774783,0.25421112433710935,1.6563254735054644,0.0015832087840613324,-0.08094684306359316,0.0,447.32072887218874,446.07476094435947,450.11977072708845,447.5442505560587
0.9000000000000005,-0.04755626756194671,0.0811966274249654,10.728389828502154,0.060022539470951486,0.019440800955718096,0.0,-0.16555369627847608,0.30252073761573317,1.8751154609785823,0.005414871704124484,-0.09301474510464136,0.0,475.9629357622964,475.03309468352614,476.805384087997,477.0979428399961
0.9600000000000005,-0.05791077999100781,0.10064003582738291,10.84466696754985,0.061334659645777556,0.01979262331209508,0.0,-0.1796604187073017,0.3457286357129379,2.000561026686717,-0.006735284660519265,-0.12092431435355555,0.0,450.10603148599085,447.83272033628344,449.1424467411351,448.1559883642503
1.0200000000000005,-0.06908855377672833,0.122637810547177,10.967463300147474,0.06171736986515253,0.01815769072105411,0.0,-0.19273994146896833,0.3875666856172471,2.092481203333902,-0.01772606061850977,-0.09612688018745932,0.0,437.92523222631263,439.97147457688163,439.0222835602429,438.10956273076596
1.0800000000000005,-0.08099543628753736,0.14712772085196066,11.09501236132669,0.06873977467653702,0.013906907401042723,0.0,-0.20372989464177876,0.42940574072567034,2.1589881419983095,0.012246958865704129,-0.08378269086450688,0.0,430.2231836472858,431.25961996270905,429.9975587758661,432.52916921448445
1.1400000000000006,-0.09352403927599881,0.17445138727608123,11.22947357513837,0.0708513283628891,0.011487997541160588,0.0,-0.2135983293872166,0.4815787058622637,2.322712994559416,0.023956158050155052,-0.06725163953817298,0.0,461.37761629718636,462.6762323351923,461.0034425421773,461.92759897338647
1.2000000000000006,-0.10656425180308647,0.20478842439153233,11.371223040670746,0.07765303844683835,0.009569871473311231,0.0,-0.2208694968525862,0.5302889291019363,2.4020483916837665,0.048156027029345856,-0.052468346397693884,0.0,435.3135349559189,436.5459057833889,435.58384418787983,437.6033227190561
1.2600000000000007,-0.12001984452036986,0.2383557659207764,11.520001835620251,0.08193216708792228,0.0066403405616668465,0.0,-0.22732016791959575,0.5890770797049844,2.5568611249816984,0.03398611360655125,-0.04840849483246023,0.0,459.5889233333711,459.9090082331133,461.328004954341,460.2088092573789
1.3200000000000007,-0.13379619041543253,0.2753854790792858,11.676183051193625,0.08574378425856644,0.006718798063626963,0.0,-0.2318802674877131,0.6455927908094817,2.6489242954429395,0.04741924901294247,-0.030650966032047408,0.0,439.9968719074358,441.46349992865663,441.94919429742896,443.05573704684616
1.3800000000000008,-0.1478217621240772,0.3156087257699562,11.834656602827758,0.09127279177417602,0.005034492110842059,0.0,-0.23550090446560962,0.695633164332925,2.6335102507237993,0.0642051303978768,-0.03632445270086627,0.0,406.64308653571624,406.13402764766016,406.3759424741663,407.8799736280084
1.4400000000000008,-0.16206156269965116,0.35944700303257276,11.997868709665214,0.09513530979663987,0.003081135858077566,0.0,-0.23894404750900786,0.7660337088535395,2.8064226425664827,0.061371929854890823,-0.04287009556732094,0.0,466.4663018633289,465.9542218149716,468.144866737266,467.9270525415658
1.5000000000000009,-0.17645400464740849,0.4072490054998026,12.16784814926466,0.09881817156177242,0.0015793729807667134,0.0,-0.24065111211829884,0.8276925682058405,2.8593749025766213,0.061398916993640903,-0.03267321548825457,0.0,429.8400427058456,430.7024674809886,431.1357099947908,431.1408121992378
1.560000000000001,-0.190924509578361,0.4592646711094795,12.345456546364742,0.10249488774183302,6.282874013376702,0.0,-0.24147464503935653,0.9065299905080502,3.0603157447074256,0.05944054319338288,-0.030741673370768368,0.0,476.5310034496987,476.67832994761017,477.0682729297738,476.92106688609886
1.620000000000001,-0.20540421131155293,0.515626180021602,12.530576197131643,0.10639843633520574,6.281307147226293,0.0,-0.241040418407993,0.9725229410426856,3.1101422762203206,0.06471279789730078,-0.03783730119659172,0.0,431.486278788679,430.88635412222396,431.35771198151264,431.8055159563799
1.680000000000001,-0.21983347849991663,0.5760298091990043,12.718618041664424,0.11444932376744354,6.281696610617136,0.0,-0.2399564148567055,1.0416847311195143,3.157666811000169,0.04111570001811931,-0.021132025156863382,0.0,430.8671076505524,432.2767113230554,431.64828532688415,429.65463201351275
1.740000000000001,-0.23419660869060085,0.6410853824928562,12.912716997282745,0.11702035986158421,6.2810238078363785,0.0,-0.23873294039190757,1.1270434966646783,3.3117939615960266,0.04364801346930488,-0.013796603563584912,0.0,465.8456007728738,466.418919657797,463.7954795793978,463.99519837196243
1.8000000000000012,-0.2484786138725115,0.7109408918434249,13.11287292773134,0.11963797097718665,6.2801898618187355,0.0,-0.23725721670966013,1.2016820610920813,3.3598689887918294,0.043582768155270714,-0.015834545198184575,0.0,433.3672989639145,433.19606075615394,432.511858216105,432.5074862723752
1.8600000000000012,-0.262702678036022,0.7851502197670145,13.314374340562825,0.12689639461817137,0.00962707801964946,0.0,-0.23794272119414805,1.2725524582921983,3.3567289013331676,0.06601837060204077,0.02334061158087216,0.0,414.8374705072869,418.2634808249787,415.33966236355946,417.3047110427448
1.9200000000000013,-0.27717585753494844,0.8640081131113432,13.517601669193596,0.14058708029085398,0.011146291923381568,0.0,-0.24464633196153446,1.3572862013312998,3.417094637467303,0.0990084034417303,0.018179033841156215,0.0,438.0988980627388,437.6695126521112,436.16834639360866,438.9198798315941
1.9800000000000013,-0.2920823304522084,0.9482371012165154,13.724679185631382,0.1493427124645086,0.01222803206426093,0.0,-0.2523411419881955,1.4511599341804498,3.4850881094365636,0.0793888973112871,0.016379068467588846,0.0,441.29786249509374,441.14918277046615,441.6987421863484,440.08500048352096
2.0400000000000014,-0.30758548106605377,1.0394831259476782,13.943951568718745,0.15415761964401486,0.01573415343768758,0.0,-0.264878181716639,1.5908267579077822,3.8227087386686742,0.08095065094384674,0.03262162983056609,0.0,521.0051214370334,522.1394858290486,520.3776425605236,520.4910659227509
2.1000000000000014,-0.32382900735845,1.1382387586915683,14.177064858741918,0.1590658314915938,0.017866188309234587,0.0,-0.27678834589367657,1.701441486142584,3.9471404127105734,0.07699663241816575,0.03615526352687539,0.0,461.99188405729535,462.2708508507236,462.4584979595767,462.15174518514175
2.1600000000000015,-0.3407939858959497,1.2433394875575439,14.415212145643478,0.16376449747886213,0.021640401793775688,0.0,-0.28905194374875093,1.8022840200170482,3.990794726475405,0.07909847200858484,0.0488844507749801,0.0,437.5232437506913,438.58273256208247,437.9963874433136,438.1760666834753
2.2200000000000015,-0.3586593436355954,1.3552719482669329,14.660160670763727,0.16868482758636816,0.024575186460441323,0.0,-0.3067819478096111,1.9292034558545512,4.173288362097854,0.07316812384209871,0.04896744356358034,0.0,480.8345558771441,480.8421231758733,482.4463711138976,482.0025731091823
2.2800000000000016,-0.37761407827178756,1.4745967058456684,14.913954219987618,0.17995683878936752,0.029698596358742613,0.0,-0.3255848772313283,2.0493668437804198,4.28571040051206,0.04320541983494356,0.031528858842761597,0.0,463.77000955294506,462.39911303851534,462.77703913181654,460.4151158284567
2.3400000000000016,-0.3976662799705477,1.60052051236812,15.169985728538832,0.18512520047054526,0.035244969514463875,0.0,-0.3432666909659448,2.1484961529677187,4.248628204961756,0.02438237823682441,0.051304774727337736,0.0,414.67661623816934,416.4112594533635,416.24032474202005,414.5903220947705
2.4000000000000017,-0.41917881740069135,1.7336773747372312,15.430148331890745,0.19210973584054614,0.05781180584115386,0.0,-0.37631560725496455,2.2906656428264958,4.422360247457677,-0.002586455063033892,0.09847861031664215,0.0,480.9554965186282,484.5186421747562,483.4332626236666,481.396611219866
2.4600000000000017,-0.44281318977373124,1.8743406814369088,15.694835804955243,0.19209675009176674,0.07498885593769433,0.0,-0.4129327146617585,2.398025784500632,4.400467684282257,0.0005152384771236946,0.13406975669091672,0.0,421.6086741111936,424.684535692182,422.8795999056403,423.1467656211318
2.520000000000002,-0.46929197689306734,2.022281032233955,15.962564745323153,0.1926329142721146,0.09264901831288963,0.0,-0.47150083147887806,2.5331520659992686,4.523055316677349,0.007193738661481493,0.16685936470329682,0.0,468.00148475669033,470.56549028731894,469.6973854622382,470.21504793842956
2.580000000000002,-0.49975717842185463,2.1785559331411393,16.23881005895838,0.19375027334592243,0.10334373879154146,0.0,-0.54512453856137,2.6758745189680897,4.684169098754898,0.015144056692109433,0.1747917804622809,0.0,482.4042902915624,483.0279929561846,482.5768105796114,483.176499565747
2.640000000000002,-0.5342309759077561,2.3422188382121627,16.51854451334677,0.2022754884138509,0.11621742672716451,0.0,-0.6050749875724653,2.780202173575679,4.640074713267715,-0.016311965573965546,0.1566264501180292,0.0,420.09105700502164,418.54189386632464,421.5178900188304,418.79021137815397
2.700000000000002,-0.5733418962674482,2.513662692860597,16.80251517718239,0.20357448084138152,0.1256642271360704,0.0,-0.6996021580288001,2.9344159731337793,4.824480546490888,-0.0009359203363947756,0.15813614841130674,0.0,491.9193612332065,492.0519259912525,491.9613318094591,493.09877862033534
2.760000000000002,-0.6185766602851275,2.694699311211264,17.099032164850996,0.2080706895172808,0.14105970998365347,0.0,-0.809993882147143,3.100321917678961,5.057747633173636,-0.025539398787575354,0.13028335390113685,0.0,510.2921443054447,508.31755869977184,509.04404215439797,507.28025221358894
2.820000000000002,-0.6704789940537766,2.885306110459797,17.407343496487155,0.20913874796396392,0.15083431795860314,0.0,-0.9210278753619136,3.2530075476911966,5.218147603377582,-0.009033788721681703,0.14445630528830442,0.0,491.36329093759167,492.42791960324877,488.9863163928202,490.2145872910007
2.880000000000002,-0.7294108548118305,3.0852571096564665,17.726138569412935,0.2087635762970823,0.1607847447481472,0.0,-1.0443674061051527,3.4115920071008463,5.407030715885514,-0.0056009864003519205,0.13078912052327396,0.0,501.7488382894692,500.77124358076344,501.332577007601,501.58210455150055
2.940000000000002,-0.7950378857544543,3.2935157992586053,18.050643267503084,0.21250803737259716,0.1693863965422766,0.0,-1.1439344857010545,3.530507272638297,5.409356342075715,0.01535989180003872,0.11999879113089502,0.0,447.0762777795836,446.21074658394105,446.44444595414467,448.1517848071978
3.000000000000002,-0.8664919848829821,3.508563802455025,18.37348809470573,0.21361260852000719,0.18072952274485754,0.0,-1.2388117654837973,3.637721829107465,5.3520490371266645,0.018996935620931847,0.0964681453688246,0.0,428.8904978751749,426.89860871146414,428.11652540658906,428.42587178299937
3.0600000000000023,-0.9440828375355554,3.7303545688357884,18.69433449007009,0.2148962107284671,0.18674053791325562,0.0,-1.3480476816268958,3.755240903411739,5.342532010336142,0.02212058081204405,0.08995787831111064,0.0,444.1468216855907,443.6200039615796,444.4756516687456,444.7316009053118
3.1200000000000023,-1.0287517320628452,3.9596657328112803,19.016707741067115,0.21893957423282018,0.19366100858634017,0.0,-1.4748241862612967,3.8885760238967,5.402426313397971,0.03901398797919572,0.07518528427096548,0.0,468.22356062798434,467.0782068408661,466.1869103641426,467.50549695982073
3.1800000000000024,-1.1210800949179016,4.196940833413288,19.34225864645778,0.22128390616461946,0.19839117322222588,0.0,-1.6031349555917513,4.020562065845064,5.448603918964537,0.039177458954574,0.07925044332731847,0.0,464.33807702513974,464.6612929575102,464.6989576994727,464.71245929413374
3.2400000000000024,-1.22193605268258,4.442951981909433,19.6740463720282,0.22652729700668228,0.20553583517759577,0.0,-1.7593043737873655,4.179950359702543,5.609442753569189,0.05664724309130942,0.06107363046250949,0.0,500.9922938636264,499.67220360147644,500.9797609437468,502.24957334733307
3.3000000000000025,-1.3317567223558482,4.69801857963663,20.01278625682396,0.23422014829015936,0.21253222069361488,0.0,-1.9018910196620955,4.322732890429486,5.680734713034664,0.03271544197756866,0.07990512950508198,0.0,476.457097882682,477.89805383487726,478.1503246003144,476.3245673928833
3.3600000000000025,-1.4496785547588482,4.961120006591792,20.35306906134278,0.23706639106291316,0.21891229369511755,0.0,-2.029353275686754,4.4473476787989386,5.661598408894961,0.02115006990532572,0.06485790741452835,0.0,450.6152869457062,449.4012886768683,451.87160953579024,450.9383239644652
3.4200000000000026,-1.5759503781853983,5.232341492426208,20.694771686339347,0.23939382227409212,0.22286825157677814,0.0,-2.1799391920534474,4.593239837931041,5.7275936071460185,0.031283618048525474,0.06668719711969315,0.0,478.78019005626146,478.92220565196584,478.1628006144958,478.9343826660792
3.4800000000000026,-1.7115492816967615,5.512545319277312,21.041291807579764,0.2414346312499953,0.22726897013129754,0.0,-2.340267388304157,4.746684210035667,5.821968761589416,0.03467643953713188,0.07251383525376319,0.0,489.28496781050734,489.72174420745995,488.89145304543484,489.14452953679495
3.5400000000000027,-1.857669323053227,5.802808111733684,21.396779991946254,0.24836961270383018,0.23313209221250908,0.0,-2.5306781283085007,4.928932871256267,6.025492731143235,0.0576416506933033,0.08483802218678323,0.0,523.4303323656222,524.2911576873405,522.7110813655437,524.31009699338
3.6000000000000028,-2.0131534181858464,6.101867087780213,21.75543566100988,0.259518253367804,0.23895980194768907,0.0,-2.652574762583885,5.0403867482342175,5.929398307351074,0.08684285336944579,0.09312075757642853,0.0,435.23909390054,435.9385011658145,433.146587668395,435.5997640868429
3.660000000000003,-2.1772442318031096,6.409024692508472,22.112963542588727,0.2732753443165308,0.2473471331921706,0.0,-2.8176597268504686,5.199070269896054,5.986553993372954,0.11768944756476028,0.11028999050958277,0.0,485.31535918636246,486.6101698109598,484.4537903496577,486.7755147116745
3.720000000000003,-2.349801699544768,6.724224152153142,22.467674872628134,0.29181112543862575,0.25896973171533677,0.0,-2.93508089465321,5.3086996957856005,5.836724462068921,0.15361501093476965,0.08455232091172202,0.0,421.28979120728354,419.0674059556039,419.758446523555,422.88209677713235
3.780000000000003,-2.5307720063474664,7.047520511454794,22.817646923544835,0.3019667757367932,0.26870035725839525,0.0,-3.097962076178096,5.468297539852539,5.827807000236274,0.16309537287983594,0.05968036763857067,0.0,470.5781926493963,468.6526809814787,469.5365645038183,470.2934920209097
3.840000000000003,-2.7203142090928254,7.3790590753728384,23.162295274541094,0.31185890695554264,0.2723282582565334,0.0,-3.2204875715089427,5.5835638381878105,5.660573965262224,0.15812446265279181,0.05581726277358918,0.0,418.02263835169344,417.6883590986617,417.90349369526984,417.4964582741788
3.900000000000003,-2.9180323700989437,7.718453232199358,23.499475866882676,0.3214371983653672,0.27566529167155895,0.0,-3.370350616714722,5.730038110097162,5.578243394029621,0.16043643350319559,0.0546389443458779,0.0,448.6416656829292,448.54799082323666,446.75059673846226,446.9629299747621
3.960000000000003,-3.124210628783103,8.066047986165849,23.8295715585779,0.3315113460272192,0.2900847012114891,0.0,-3.5032832169835846,5.856885762664948,5.424580029222327,0.16666487946988104,0.016854988720182297,0.0,426.1671102002661,422.9252310467732,423.1726363060733,423.7351959383397
4.020000000000002,-3.3399629279681182,8.422897659485795,24.154850476122753,0.3433163489461082,0.2951431298297882,0.0,-3.688692296802911,6.03859321126877,5.416680382968763,0.18023044625679008,-0.006415236865573311,0.0,476.0625426139271,474.2780310561579,474.76133554674067,475.82735467282765
4.080000000000001,-3.5655226038295367,8.789237148156582,24.47518119758173,0.35429759440973907,0.3006848491867622,0.0,-3.8304248613160716,6.173247161843631,5.260743283905734,0.1743888733501574,-0.03431052092601971,0.0,427.37100619017076,424.9858915648363,428.11732530856636,427.6518645140355
4.14,-3.800102803947929,9.164253154425007,24.78742762895797,0.36540985965413775,0.30214781966845194,0.0,-3.9890127890603573,6.327788382729067,5.146968829795971,0.18209356613896022,-0.01491859498605031,0.0,441.16925893079053,442.76783046044875,443.4033158485814,444.06625791540944
4.199999999999998,-4.044410743429427,9.548877910782664,25.0933265262956,0.37986760024373556,0.30125374876320077,0.0,-4.15446957706368,6.493757660470156,5.048895748947804,0.20151504093371858,-0.014867446688476635,0.0,450.2133862338364,450.2176352574797,448.4590350944064,450.06844509662943
4.259999999999997,-4.29824511978771,9.9431452838234,25.392050485207363,0.39221492967143945,0.30126386010500816,0.0,-4.306729081769688,6.649059434184476,4.908167546550417,0.20598944803004213,-0.005593727249928933,0.0,435.37452703306826,436.1501314503663,436.5271375854938,436.94168980595737
4.319999999999996,-4.560937726398343,10.346475783718576,25.6812969872232,0.4134672662353589,0.31329829311429336,0.0,-4.450371734770602,6.796247645676943,4.732396670792263,0.2374773864466486,0.031752969850217,0.0,423.5694088446349,426.7702711233654,423.3345468039328,426.0849967068682
4.379999999999995,-4.832251498250946,10.758656188446908,25.95943446608333,0.42922236973165706,0.3204029320982853,0.0,-4.593923281161736,6.94374027907878,4.538338009131777,0.24977457717146745,0.005545368431182607,0.0,420.75251315971707,418.47671102656443,420.33584238707607,421.4624195129854
4.439999999999993,-5.113642796059989,11.181558115804336,26.229590446903817,0.4463945700363201,0.32209414816191195,0.0,-4.785694674494933,7.15364082578275,4.465354339288343,0.2648126183440058,-0.00847873351539973,0.0,466.0554582517185,464.95767654149284,466.3377201645543,467.57299360199187
4.499999999999992,-5.405996459839494,11.616513587432499,26.49366326596467,0.46414583376456164,0.3221205381823289,0.0,-4.959332678170833,7.345601503244736,4.335968184482015,0.2486127017102225,-0.017781437859195726,0.0,449.68892828311925,448.93459080054697,450.4383438528994,449.19282732652096
4.559999999999991,-5.708440699810845,12.062699455173895,26.748913959858893,0.4805859259162162,0.32492019804912786,0.0,-5.122277865834316,7.52782194549112,4.171523825508592,0.2609845958688286,0.002592281473831057,0.0,438.3534801880959,440.0439729414381,438.60234344570597,439.69392506421633
4.6199999999999894,-6.0215718246364425,12.521151396549424,26.99642555168291,0.4991847813669752,0.32792431991378024,0.0,-5.315355222099754,7.754466843756203,4.077122074341596,0.240962217922882,0.019919850263781774,0.0,466.25424740472886,467.60639139115614,468.9374137734081,467.4404464026043
4.679999999999988,-6.345012293534111,12.99151310954716,27.23468684569685,0.5136563162916072,0.32911244630280656,0.0,-5.466164353653247,7.924705260310722,3.8644953470857484,0.23799985670771662,0.017950111194214562,0.0,427.56005858945315,427.3921139164844,426.0307426670313,425.83755200144
4.739999999999987,-6.676932321837071,13.471306873400215,27.458568966763153,0.5287370020877757,0.33017999547306154,0.0,-5.598130396149124,8.068958873219046,3.5982159900695665,0.24667378677903404,0.01730253511447971,0.0,406.88775752597684,406.82971417854577,404.3518441498448,405.1969950198606
4.799999999999986,-7.018053417392905,13.961653571465517,27.669512346309038,0.5435291965103257,0.3365878525395152,0.0,-5.772834282238521,8.276067218770606,3.432074157807136,0.24479675655023828,0.04151511958464639,0.0,446.36239983151637,448.33487910592896,446.32964906207525,446.23671796050377
4.859999999999984,-7.369635065203746,14.464340009297208,27.87006751263088,0.5589818991395816,0.3425481984741774,0.0,-5.946780764698542,8.480291269146793,3.2519591024116528,0.2339394738820019,0.06075435462426108,0.0,443.33143309633954,444.9114685714174,445.19177775830224,444.36031241861104
4.919999999999983,-7.731920626509163,14.979631801280867,28.060117389607825,0.5730100880851206,0.3466854596029645,0.0,-6.129513834898246,8.696094540260889,3.081903507463433,0.2320579782634501,0.06733092593586654,0.0,450.7860203982048,451.3201519658805,451.6490547864192,451.5504988393183
4.979999999999982,-8.104955258174122,15.507431502900861,28.23906564440914,0.5869644270742027,0.37249506355336415,0.0,-6.306110998019163,8.896666748019316,2.8812563162629683,0.22858770554028449,0.01500520679246669,0.0,445.3746648658297,441.0742790502223,442.6937229261927,442.461271863256
5.0399999999999805,-8.488868241495908,16.047319984345013,28.405875934448286,0.6010476118017811,0.37345563382706093,0.0,-6.4909584075243405,9.099614348904492,2.678221187451095,0.23413849631307873,0.010860528777425962,0.0,445.8894137354973,445.5504322623821,445.7837671290776,446.28988755037733
